bat19:~/Documents/cs3733/assign4> ./part3 38743898310620761 20 >> part3.out
This is part 3
Ivan Capistran
Parameter: 38743898310620761 20
38743898310620761
38743898310620761
38743898310620777
38743898310620809
38743898310620843
38743898310620857
38743898310620873
38743898310620903
38743898310620917
38743898310620977
38743898310621059
38743898310621061
38743898310621079
38743898310621103
38743898310621113
38743898310621137
38743898310621143
38743898310621151
38743898310621169
38743898310621221
38743898310621269
64.35232
