Product	1485	Quantity	7
	672025259
	-417492181
	1961275159
	197997679
	-888113321
	-997076710
	-331870960

Product	3989	Quantity	8
	1380072875
	685263973
	1117414195
	-1970537926
	1525397939
	-1415463449
	99058478
	1317305423

Product	4219	Quantity	11
	-2039432523
	880730252
	-931614431
	-1322403106
	1309899410
	1823519678
	1619778377
	1111818501
	-151871561
	-151842226
	-226328974

Product	6169	Quantity	6
	-2024491212
	-1581444834
	-602331801
	989244353
	-1367573861
	-1417421687

Product	1908	Quantity	8
	191020508
	1823267034
	1970952463
	-818742851
	663976431
	-509590735
	-1184866245
	480862138

Product	2829	Quantity	7
	881046879
	534763222
	1397865325
	614708903
	-1598182078
	1646985449
	862476241

Product	2790	Quantity	4
	1729584409
	-902227015
	-634429528
	1320685840

Product	5715	Quantity	1
	-445439354

Product	4679	Quantity	4
	1978825053
	643161686
	1264259099
	1852628082

Product	5716	Quantity	12
	-1034717193
	180398222
	778904695
	-892819561
	953791716
	-1158277220
	-787792977
	-1252354504
	-1799842270
	600538384
	-837771546
	-1331242351

