Product	1485	Quantity	7
	 672025259
	3877475115
	1961275159
	 197997679
	3406853975
	3297890586
	3963096336

Product	3989	Quantity	8
	1380072875
	 685263973
	1117414195
	2324429370
	1525397939
	2879503847
	  99058478
	1317305423

Product	4219	Quantity	11
	2255534773
	 880730252
	3363352865
	2972564190
	1309899410
	1823519678
	1619778377
	1111818501
	4143095735
	4143125070
	4068638322

Product	6169	Quantity	6
	2270476084
	2713522462
	3692635495
	 989244353
	2927393435
	2877545609

Product	1908	Quantity	8
	 191020508
	1823267034
	1970952463
	3476224445
	 663976431
	3785376561
	3110101051
	 480862138

Product	2829	Quantity	7
	 881046879
	 534763222
	1397865325
	 614708903
	2696785218
	1646985449
	 862476241

Product	2790	Quantity	4
	1729584409
	3392740281
	3660537768
	1320685840

Product	5715	Quantity	1
	3849527942

Product	4679	Quantity	4
	1978825053
	 643161686
	1264259099
	1852628082

Product	5716	Quantity	12
	3260250103
	 180398222
	 778904695
	3402147735
	 953791716
	3136690076
	3507174319
	3042612792
	2495125026
	 600538384
	3457195750
	2963724945

